45.822365,8.939661,493.841858,20161005093225,11,0.0,15.94,16.88,96888.02,12.58
45.822365,8.939661,493.841858,20161005093234,11,0.0,15.94,16.88,96888.02,12.58
45.822365,8.939661,493.841858,20161005093249,11,0.0,15.81,16.94,96888.02,12.58
45.822365,8.939661,493.841858,20161005093257,11,0.0,15.81,16.94,96888.02,12.56
45.822365,8.939661,493.841858,20161005093305,11,0.0,15.75,17.00,96888.02,12.58
45.822365,8.939661,493.841858,20161005093314,11,0.0,15.75,16.94,96888.02,12.58
45.822365,8.939661,493.841858,20161005093321,11,0.0,15.69,17.00,96888.02,12.58
45.822365,8.939661,493.841858,20161005093329,10,0.0,15.69,17.00,96888.02,12.58
45.822365,8.939661,493.841858,20161005093337,10,0.0,15.69,17.00,96888.02,12.55
45.822365,8.939661,493.841858,20161005093345,10,0.0,15.69,17.06,96761.65,12.58
45.822365,8.939661,493.841858,20161005093354,10,0.0,15.69,17.06,96761.65,12.55
45.822365,8.939661,493.841858,20161005093401,10,0.0,15.75,17.06,96888.02,12.54
45.822365,8.939661,493.841858,20161005093409,10,0.0,15.81,17.06,96888.02,12.58
45.822365,8.939661,493.841858,20161005093418,10,0.0,15.94,17.06,96761.65,12.56
45.822365,8.939661,493.841858,20161005093425,10,0.0,16.00,17.19,96761.65,12.55
45.822365,8.939661,493.841858,20161005093433,10,0.0,16.00,17.13,96888.02,12.58
45.822365,8.939661,493.841858,20161005093441,10,0.0,16.00,17.19,96888.02,12.57
45.822365,8.939661,493.841858,20161005093449,10,0.0,16.00,17.25,96888.02,12.57
45.822365,8.939661,493.841858,20161005093457,10,0.0,16.00,17.25,96888.02,12.57
45.822365,8.939661,493.841858,20161005093505,11,0.0,15.94,17.25,96888.02,12.58
45.822365,8.939661,493.841858,20161005093514,11,0.0,16.00,17.31,96888.02,12.58
45.822365,8.939661,493.841858,20161005093521,11,0.0,16.00,17.31,96888.02,12.53
45.822365,8.939661,493.841858,20161005093529,11,0.0,16.00,17.31,96888.02,12.54
45.822365,8.939661,493.841858,20161005093545,11,0.0,16.06,17.38,96888.02,12.56
45.822365,8.939661,493.841858,20161005093553,11,0.0,16.06,17.44,96761.65,12.54
45.822365,8.939661,493.841858,20161005093609,11,0.0,16.06,17.44,96888.02,12.57
45.822365,8.939661,493.841858,20161005093618,11,0.0,16.13,17.50,96888.02,12.53
45.822365,8.939661,493.841858,20161005093626,11,0.0,16.13,17.50,96888.02,12.57
45.822365,8.939661,493.841858,20161005093633,11,0.0,16.13,17.56,96761.65,12.54
45.822365,8.939661,493.841858,20161005093641,11,0.0,16.19,17.56,96888.02,12.57
45.822365,8.939661,493.841858,20161005093649,11,0.0,16.25,17.63,96888.02,12.57
45.822365,8.939661,493.841858,20161005093657,11,0.0,16.25,17.63,96888.02,12.57
45.822365,8.939661,493.841858,20161005093706,11,0.0,16.25,17.69,96761.65,12.57
45.822365,8.939661,493.841858,20161005093713,11,0.0,16.31,17.69,96888.02,12.57
45.822365,8.939661,493.841858,20161005093722,11,0.0,16.38,17.69,96888.02,12.57
45.822365,8.939661,493.841858,20161005093729,11,0.0,16.31,17.75,96888.02,12.57
45.822365,8.939661,493.841858,20161005093737,11,0.0,16.38,17.81,96888.02,12.57
45.822365,8.939661,493.841858,20161005093745,11,0.0,16.31,17.81,96888.02,12.57
45.822365,8.939661,493.841858,20161005093753,11,0.0,16.19,17.88,96761.65,12.57
45.822365,8.939661,493.841858,20161005093802,11,0.0,16.13,17.88,96761.65,12.57
45.822365,8.939661,493.841858,20161005093809,11,0.0,16.13,17.88,96888.02,12.57
45.822365,8.939661,493.841858,20161005093818,11,0.0,16.06,17.88,96888.02,12.57
45.822357,8.939662,493.512512,20161005093833,11,0.0,16.00,17.94,96888.02,12.57
45.822357,8.939662,493.512512,20161005093841,11,0.0,16.00,17.94,96888.02,12.56
45.822357,8.939662,493.512512,20161005093849,11,0.0,15.94,17.94,96888.02,12.55
45.822357,8.939662,493.512512,20161005093857,11,0.0,15.88,17.94,96761.65,12.53
45.822357,8.939662,493.512512,20161005093906,11,0.0,15.81,17.94,96888.02,12.56
45.822357,8.939662,493.512512,20161005093914,11,0.0,15.75,17.88,96888.02,12.55
45.822357,8.939662,493.512512,20161005093929,11,0.0,15.81,17.94,96761.65,12.55
45.822357,8.939662,493.512512,20161005093937,11,0.0,15.88,18.00,96888.02,12.55
45.822357,8.939662,493.512512,20161005093953,11,0.0,16.00,17.94,96888.02,12.55
45.822357,8.939662,493.512512,20161005094002,11,0.0,16.00,17.94,96888.02,12.55
45.822357,8.939662,493.512512,20161005094010,11,0.0,16.00,17.94,96888.02,12.49
45.822357,8.939662,493.512512,20161005094018,11,0.0,16.06,17.94,96888.02,12.53
45.822357,8.939662,493.512512,20161005094033,11,0.0,16.06,18.06,96888.02,12.52
45.822357,8.939662,493.512512,20161005094042,11,0.0,16.00,18.06,96888.02,12.52
45.822357,8.939662,493.512512,20161005094050,11,0.0,15.94,18.06,96888.02,12.54
45.822357,8.939662,493.512512,20161005094057,11,0.0,16.00,18.13,96761.65,12.55
45.822357,8.939662,493.512512,20161005094105,11,0.0,16.00,18.13,96888.02,12.55
45.822357,8.939662,493.512512,20161005094113,11,0.0,16.00,18.19,96761.65,12.50
45.822357,8.939662,493.512512,20161005094121,11,0.0,15.94,18.13,96761.65,12.55
45.822357,8.939656,493.933960,20161005094129,11,0.0,15.94,18.19,96888.02,12.55
45.822357,8.939656,493.933960,20161005094137,11,0.0,15.88,18.19,96888.02,12.54
45.822357,8.939656,493.933960,20161005094145,11,0.0,15.81,18.19,96888.02,12.53
45.822357,8.939656,493.933960,20161005094153,11,0.0,15.81,18.19,96888.02,12.55
45.822357,8.939656,493.933960,20161005094201,11,0.0,15.81,18.25,96888.02,12.55
45.822357,8.939656,493.933960,20161005094209,11,0.0,15.75,18.25,96888.02,12.52
45.822357,8.939656,493.933960,20161005094218,11,0.0,15.75,18.31,96761.65,12.55
45.822357,8.939656,493.933960,20161005094226,11,0.0,15.75,18.38,96888.02,12.55
45.822357,8.939656,493.933960,20161005094234,11,0.0,15.81,18.44,96888.02,12.55
45.822357,8.939656,493.933960,20161005094241,11,0.0,15.88,18.50,96888.02,12.55
45.822357,8.939656,493.933960,20161005094249,11,0.0,15.88,18.50,96888.02,12.54
45.822357,8.939656,493.933960,20161005094257,11,0.0,15.88,18.56,96888.02,12.55
45.822357,8.939656,493.933960,20161005094322,11,0.0,16.00,18.75,96888.02,12.50
45.822357,8.939656,493.933960,20161005094337,11,0.0,15.94,18.88,96761.65,12.50
45.822357,8.939656,493.933960,20161005094345,11,0.0,15.88,18.94,96888.02,12.53
45.822357,8.939656,493.933960,20161005094353,11,0.0,15.81,19.00,96888.02,12.52
45.822357,8.939656,493.933960,20161005094401,11,0.0,15.75,19.06,96888.02,12.53
45.822357,8.939656,493.933960,20161005094417,11,0.0,15.88,19.19,96888.02,12.52
45.822357,8.939656,493.933960,20161005094425,11,0.0,16.00,19.25,96761.65,12.53
45.822357,8.939656,493.933960,20161005094433,11,0.0,16.06,19.31,96761.65,12.52
45.822357,8.939656,493.933960,20161005094441,11,0.0,16.19,19.38,96888.02,12.51
45.822357,8.939656,493.933960,20161005094450,11,0.0,16.25,19.50,96888.02,12.53
45.822357,8.939656,493.933960,20161005094457,11,0.0,16.38,19.56,96888.02,12.53
45.822357,8.939656,493.933960,20161005094506,11,0.0,16.38,19.63,96888.02,12.53
45.822357,8.939656,493.933960,20161005094513,11,0.0,16.31,19.69,96888.02,12.53
45.822357,8.939656,493.933960,20161005094522,11,0.0,16.31,19.75,96888.02,12.51
45.822357,8.939656,493.933960,20161005094530,11,0.0,16.25,19.81,96888.02,12.47
45.822357,8.939656,493.933960,20161005094538,11,0.0,16.25,19.94,96761.65,12.48
45.822388,8.939665,494.006561,20161005094545,11,7.229203200000001,16.13,20.00,96508.91,12.47
45.822525,8.939663,500.224365,20161005094554,11,8.0206452,15.94,20.06,96256.16,12.47
45.822605,8.939495,509.379578,20161005094601,11,12.0010104,15.88,20.13,95877.05,12.47
45.8226,8.939215,532.882263,20161005094610,11,6.5994012,15.75,20.19,95497.95,12.44
45.822586,8.938967,553.372559,20161005094617,11,8.5388436,15.69,20.31,95245.21,12.46
45.82261,8.938745,574.007935,20161005094625,11,14.594842799999999,15.50,20.31,94992.47,12.46
45.822636,8.938341,607.677612,20161005094634,11,10.1698092,15.38,20.38,94739.73,12.45
45.822716,8.938008,645.952637,20161005094642,11,14.2005096,15.25,20.50,94486.98,12.45
45.822796,8.93759,675.572083,20161005094650,11,15.921918000000002,15.25,20.56,94234.25,12.45
45.822865,8.937195,698.998413,20161005094657,11,19.629341999999998,15.25,20.56,93981.50,12.43
45.822956,8.936682,725.688599,20161005094705,11,18.6886116,15.13,20.69,93602.39,12.44
45.82308,8.936111,749.131897,20161005094714,11,20.783286,15.19,20.69,93476.03,12.46
45.82321,8.935588,780.262878,20161005094722,11,18.3620412,15.00,20.75,93096.92,12.47
45.82338,8.935219,805.656067,20161005094729,11,16.658208,14.94,20.88,92844.17,12.47
45.823635,8.934928,824.975891,20161005094737,11,14.950720800000001,14.81,20.88,92591.44,12.47
45.82388,8.934746,851.962097,20161005094745,11,9.5089896,14.81,20.94,92338.70,12.47
45.82407,8.934554,878.627563,20161005094753,11,11.384413200000001,14.69,21.00,91959.59,12.46
45.82429,8.934377,908.158203,20161005094801,11,11.371536,14.63,21.06,91706.84,12.46
45.82446,8.934292,922.078064,20161005094809,11,9.799182,14.63,21.06,91454.10,12.47
45.824585,8.934289,943.587708,20161005094817,11,5.2142724000000005,14.63,21.13,91201.37,12.46
45.82467,8.934249,957.239502,20161005094825,11,6.7069296,14.69,21.19,90948.62,12.47
45.824753,8.934224,975.158936,20161005094833,11,7.050078,14.63,21.25,90569.51,12.47
45.82482,8.934243,990.796814,20161005094841,11,3.8792772,14.56,21.31,90316.77,12.46
45.8249,8.934243,1006.803406,20161005094849,11,7.7952132,14.38,21.38,90064.03,12.46
45.82503,8.934209,1026.335449,20161005094857,11,9.3767652,14.31,21.44,89811.29,12.47
45.825092,8.934166,1059.321899,20161005094905,11,3.5774748,14.31,21.44,89558.55,12.46
45.825153,8.934106,1077.925903,20161005094913,11,4.6846476,14.13,21.50,89179.44,12.47
45.825233,8.934163,1098.394287,20161005094921,11,6.120018,14.06,21.56,88926.70,12.47
45.82527,8.93421,1125.056641,20161005094930,11,5.612317200000001,14.00,21.63,88673.95,12.47
45.825314,8.9341755,1136.499878,20161005094937,11,5.5847052,13.94,21.69,88294.84,12.46
45.825397,8.934246,1162.567139,20161005094946,11,6.9853572,13.81,21.75,87915.73,12.47
45.825447,8.934355,1181.456787,20161005094954,11,4.2403248,13.81,21.75,87663.00,12.47
45.825558,8.934385,1199.971191,20161005095001,11,6.9217416,13.69,21.81,87410.25,12.47
45.82568,8.934424,1221.430786,20161005095009,11,11.4762528,13.69,21.88,87031.14,12.46
45.82583,8.934499,1253.583130,20161005095018,11,4.5269604,13.50,21.94,86904.78,12.47
45.82591,8.934666,1280.340210,20161005095025,11,8.9961588,13.38,22.00,86399.30,12.47
45.825993,8.934912,1329.502930,20161005095034,11,10.548835200000001,13.19,22.00,86272.92,12.44
45.82603,8.93523,1366.438110,20161005095042,11,16.9028568,13.13,22.06,85893.81,12.45
45.826042,8.9355755,1412.453613,20161005095050,11,13.5575712,13.06,22.13,85641.07,12.45
45.826065,8.935978,1453.917236,20161005095057,11,16.177474800000002,13.06,22.13,85388.34,12.44
45.826122,8.936493,1497.184082,20161005095105,11,16.215372000000002,13.00,22.19,85009.23,12.44
45.826244,8.936973,1532.759033,20161005095113,11,16.3128348,12.88,22.25,84756.48,12.45
45.82633,8.9374695,1570.602661,20161005095121,11,19.6001388,12.75,22.25,84503.74,12.43
45.82644,8.938049,1614.355835,20161005095130,11,20.042168399999998,12.63,22.31,84124.63,12.43
45.826523,8.938531,1648.654541,20161005095138,11,14.406505200000002,12.50,22.38,83871.89,12.43
45.82663,8.938946,1672.637695,20161005095145,11,18.484916400000003,12.38,22.38,83619.15,12.42
45.8268,8.939446,1703.562134,20161005095153,11,23.784541200000003,12.31,22.44,83366.41,12.42
45.826977,8.940048,1734.245361,20161005095202,11,15.045246,12.19,22.50,82987.30,12.41
45.827118,8.940486,1761.457031,20161005095209,11,16.766301600000002,12.06,22.50,82734.56,12.41
45.82726,8.941092,1794.457275,20161005095218,11,24.7523544,11.94,22.56,82481.81,12.41
45.827415,8.941748,1824.443115,20161005095226,11,20.928132,11.81,22.63,82102.70,12.41
45.8275,8.9423065,1849.956909,20161005095233,11,22.064468400000003,11.75,22.63,81976.34,12.41
45.827644,8.942946,1878.299194,20161005095241,11,23.541692400000002,11.63,22.63,81723.60,12.41
45.82778,8.943558,1898.827759,20161005095249,11,23.4999108,11.44,22.69,81344.49,12.42
45.82786,8.944198,1927.309204,20161005095257,11,24.431796,11.38,22.75,81091.75,12.41
45.827976,8.9447775,1949.428101,20161005095305,11,17.172219600000002,11.25,22.75,80839.01,12.43
45.828056,8.945317,1978.200806,20161005095313,11,20.3884452,11.19,22.81,80586.27,12.42
45.828053,8.945919,2008.720825,20161005095321,11,24.2429508,11.06,22.88,80333.52,12.43
45.82798,8.946532,2042.714966,20161005095330,11,12.365967600000001,11.00,22.88,80080.78,12.43
45.827934,8.946874,2066.085205,20161005095337,11,11.3088204,10.94,22.94,79828.04,12.43
45.827858,8.947217,2091.959473,20161005095345,11,10.7907588,10.88,22.94,79575.30,12.43
45.82775,8.94756,2116.550049,20161005095353,11,18.3192804,10.81,23.00,79322.56,12.43
45.827644,8.947939,2145.248779,20161005095402,11,14.9287644,10.63,23.00,79069.82,12.42
45.82755,8.948222,2170.512207,20161005095409,11,13.2292296,10.50,23.00,78817.09,12.43
45.827465,8.948494,2202.100830,20161005095417,11,4.5299844,10.31,23.06,78437.98,12.43
45.827396,8.948702,2218.917236,20161005095425,11,0.0,10.13,23.13,78185.23,12.43
45.82722,8.948912,2240.267578,20161005095434,11,12.520961999999999,10.06,23.13,77932.49,12.43
45.827175,8.948932,2249.347168,20161005095441,11,0.0,9.88,23.19,77679.75,12.43
45.82688,8.948962,2273.012207,20161005095449,11,17.636490000000002,9.81,23.19,77427.01,12.43
45.826534,8.948794,2317.080566,20161005095458,11,16.4165652,9.69,23.25,77174.27,12.43
45.826157,8.948645,2358.610596,20161005095506,11,16.166203199999998,9.63,23.25,76921.53,12.43
45.82586,8.948534,2386.278564,20161005095513,11,17.598276000000002,9.50,23.31,76668.79,12.41
45.825455,8.948326,2411.790283,20161005095522,11,19.286712,9.44,23.31,76416.05,12.41
45.825134,8.948213,2443.211914,20161005095529,11,18.8124984,9.38,23.31,76163.31,12.41
45.824726,8.948216,2469.619141,20161005095537,11,19.5157764,9.31,23.31,76036.94,12.41
45.824314,8.948178,2497.397949,20161005095545,11,21.2929812,9.25,23.38,75657.83,12.41
45.8238,8.948107,2524.187744,20161005095554,11,20.7482472,9.13,23.44,75405.09,12.41
45.823303,8.9481535,2549.653809,20161005095602,11,27.719388000000002,9.13,23.44,75152.35,12.40
45.822903,8.948193,2574.862793,20161005095609,11,23.255233200000003,9.06,23.44,74899.61,12.40
45.822407,8.948306,2601.303223,20161005095617,11,34.073049600000004,8.94,23.44,74646.87,12.41
45.82167,8.948496,2630.634521,20161005095626,11,34.1353368,8.88,23.50,74394.13,12.41
45.82121,8.948641,2665.881348,20161005095633,11,32.5185948,8.69,23.50,74141.38,12.41
45.820568,8.948908,2697.656250,20161005095642,11,26.9090028,8.69,23.56,73762.27,12.41
45.820087,8.949101,2725.161621,20161005095649,11,28.6475976,8.69,23.56,73509.54,12.41
45.819473,8.949276,2763.701904,20161005095658,11,27.1437804,8.44,23.56,73256.80,12.41
45.818977,8.949374,2792.520996,20161005095705,11,26.628498,8.25,23.56,73004.05,12.41
45.81841,8.949672,2826.500732,20161005095713,11,32.4574884,8.13,23.63,72751.31,12.41
45.817856,8.949992,2855.386230,20161005095721,11,27.3843396,8.00,23.63,72372.20,12.41
45.81732,8.950296,2879.340088,20161005095729,11,31.761781200000005,7.75,23.63,72119.47,12.40
45.81664,8.950562,2912.600342,20161005095737,11,37.72169280000001,7.63,23.69,71866.73,12.40
45.8159,8.950734,2950.732178,20161005095746,11,30.554481600000003,7.56,23.69,71487.61,12.40
45.81532,8.951006,2971.843506,20161005095753,11,36.7235964,7.44,23.69,71234.87,12.40
45.81469,8.951206,2998.867432,20161005095801,11,22.8256416,7.31,23.75,70982.13,12.40
45.813988,8.951319,3041.220703,20161005095810,11,40.624902,7.19,23.75,70603.02,12.40
45.813335,8.951329,3073.653564,20161005095817,11,46.9522764,7.13,23.75,70350.28,12.40
45.812508,8.951341,3106.568359,20161005095826,11,34.1474796,6.94,23.81,70097.54,12.40
45.81189,8.951308,3140.811523,20161005095833,11,29.080836000000005,6.75,23.81,69844.80,12.40
45.811256,8.951341,3174.944092,20161005095841,11,23.2831224,6.63,23.81,69465.70,12.40
45.81051,8.951289,3209.427979,20161005095849,11,35.330076,6.38,23.81,69212.95,12.40
45.80987,8.9514265,3238.185791,20161005095857,11,35.563507200000004,6.19,23.81,68960.21,12.40
45.80908,8.951586,3274.119141,20161005095905,11,47.302074,6.00,23.88,68581.10,12.41
45.808266,8.951497,3308.325195,20161005095913,11,42.101546400000004,5.88,23.88,68328.36,12.39
45.80742,8.951617,3343.398682,20161005095921,11,31.575873600000005,5.63,23.88,68075.62,12.38
45.806644,8.951666,3378.173828,20161005095929,11,35.7126948,5.38,23.88,67696.51,12.38
45.80574,8.951741,3414.777344,20161005095937,11,53.1015912,5.25,23.94,67443.77,12.38
45.80475,8.951922,3447.684570,20161005095945,11,62.62072560000001,5.06,23.94,67191.03,12.38
45.803673,8.951995,3486.149902,20161005095953,11,47.8865088,4.88,23.94,66938.29,12.38
45.802708,8.951966,3516.822021,20161005100001,11,44.5489812,4.75,23.94,66559.18,12.38
45.801743,8.951875,3548.238281,20161005100009,11,43.284452400000006,4.56,23.94,66306.44,12.38
45.800823,8.951898,3577.781982,20161005100017,11,47.1530628,4.38,24.00,65927.33,12.38
45.799618,8.952169,3624.169922,20161005100026,11,56.328670800000005,4.19,24.00,65800.95,12.38
45.798676,8.952316,3653.759277,20161005100033,11,43.3538748,4.19,23.94,65421.84,12.38
45.797695,8.952373,3685.976562,20161005100041,11,48.1853556,4.19,24.00,65169.11,12.38
45.796803,8.952396,3717.059082,20161005100049,11,46.2704436,4.06,24.00,64916.36,12.38
45.79595,8.952508,3751.161133,20161005100057,11,43.017584400000004,4.00,23.94,64663.63,12.37
45.795177,8.952682,3785.095947,20161005100105,11,39.8898468,3.88,24.00,64410.88,12.39
45.79437,8.952954,3815.962646,20161005100113,11,44.2745856,3.75,24.00,64158.14,12.38
45.793415,8.953057,3850.434326,20161005100121,11,40.025001599999996,3.63,24.00,63905.40,12.38
45.792694,8.95313,3878.314209,20161005100129,11,32.285062800000006,3.44,24.00,63652.66,12.37
45.791954,8.953346,3915.478271,20161005100137,11,38.8794708,3.19,24.00,63399.92,12.38
45.791134,8.953602,3948.494385,20161005100145,11,43.4330424,2.94,24.00,63147.18,12.37
45.790302,8.95381,3980.962158,20161005100153,11,39.7745856,2.69,24.00,62768.07,12.37
45.789494,8.954057,4013.340332,20161005100201,11,35.2667124,2.69,24.00,62641.70,12.37
45.788685,8.954189,4043.689453,20161005100209,11,33.5272608,2.56,24.00,62388.96,12.37
45.787964,8.954233,4082.350342,20161005100218,11,39.9435768,2.38,23.94,62009.85,12.37
45.78737,8.954322,4104.885254,20161005100225,11,28.913281199999997,2.19,24.00,61757.11,12.36
45.78681,8.954402,4135.555176,20161005100233,11,37.8864036,2.06,23.94,61630.74,12.36
45.78619,8.954231,4172.142578,20161005100241,11,36.717141600000005,1.81,24.00,61251.63,12.36
45.785408,8.954266,4204.681641,20161005100249,11,42.654866399999996,1.69,24.00,60998.89,12.37
45.784447,8.9540615,4246.274902,20161005100258,11,40.8232512,1.50,23.94,60872.52,12.36
45.783768,8.954131,4267.742188,20161005100305,11,53.1109188,1.31,23.94,60619.78,12.36
45.7827,8.954136,4300.196289,20161005100313,11,47.248992,1.19,24.00,60367.04,12.36
45.78164,8.95429,4333.837402,20161005100321,11,48.9680784,1.06,23.94,60114.29,12.36
45.7805,8.954205,4365.375000,20161005100330,11,51.123949200000006,1.00,23.94,59861.56,12.36
45.779602,8.954293,4391.078613,20161005100337,11,56.9212884,0.88,23.94,59735.18,12.37
45.7787,8.954534,4417.843262,20161005100345,11,46.2123324,0.75,23.94,59356.07,12.37
45.777958,8.954617,4450.489746,20161005100353,11,40.60643760000001,0.69,23.94,59103.34,12.37
45.777203,8.954874,4483.708984,20161005100401,11,50.4248976,0.44,23.94,58976.96,12.36
45.776333,8.954994,4517.061523,20161005100409,11,30.842370000000003,0.31,23.94,58724.23,12.36
45.77569,8.955107,4547.975098,20161005100417,11,34.616772,0.19,23.94,58597.85,12.36
45.7749,8.955437,4575.396973,20161005100425,11,36.3750444,0.00,23.94,58345.12,12.36
45.7741,8.955447,4597.786621,20161005100433,11,44.181856800000006,-0.13,23.94,58092.38,12.36
45.773167,8.955744,4630.488770,20161005100441,11,47.491416,-0.44,23.94,57839.63,12.36
45.772255,8.955905,4668.456055,20161005100449,11,51.4601748,-0.63,23.88,57460.52,12.36
45.771317,8.955998,4703.845215,20161005100457,11,40.369662,-0.75,23.88,57334.15,12.36
45.77055,8.956072,4728.308594,20161005100506,11,34.48368,-0.81,23.88,57081.41,12.36
45.76983,8.956027,4753.728516,20161005100513,11,46.9630008,-1.00,23.88,56955.04,12.35
45.76886,8.956106,4787.983398,20161005100521,11,54.9720792,-1.13,23.88,56702.30,12.35
45.76796,8.9564085,4819.020508,20161005100529,11,44.936316,-1.38,23.81,56449.56,12.36
45.76713,8.956647,4855.092773,20161005100537,11,48.71358,-1.69,23.81,56196.82,12.36
45.766136,8.957138,4886.948242,20161005100546,11,41.421222,-1.88,23.81,56070.45,12.35
45.765503,8.957464,4907.546875,20161005100553,11,45.6779232,-2.13,23.81,55817.71,12.35
45.764534,8.957521,4946.217773,20161005100601,11,42.6133584,-2.31,23.81,55438.60,12.35
45.763653,8.957856,4985.103516,20161005100609,11,45.8474436,-2.56,23.81,55185.86,12.36
45.762604,8.958164,5016.765137,20161005100617,11,55.4348448,-2.69,23.81,54933.12,12.36
45.761604,8.958546,5044.872559,20161005100625,11,52.4116188,-2.88,23.75,54806.75,12.36
45.760677,8.958513,5075.212402,20161005100633,11,38.606922000000004,-2.94,23.75,54554.01,12.36
45.759796,8.958452,5102.825684,20161005100641,11,50.7359052,-3.06,23.75,54301.27,12.36
45.758713,8.958541,5130.883789,20161005100649,11,55.6819236,-3.25,23.75,54174.90,12.36
45.757793,8.958838,5161.053223,20161005100657,11,38.119579200000004,-3.50,23.69,54048.53,12.36
45.756874,8.958777,5190.910645,20161005100705,11,51.9511428,-3.56,23.69,53795.79,12.36
45.755733,8.958834,5219.520508,20161005100713,11,58.1225112,-3.75,23.69,53543.05,12.35
45.754753,8.958903,5253.620117,20161005100721,11,36.7156404,-3.94,23.69,53290.30,12.35
45.753937,8.958957,5284.280762,20161005100729,11,41.9979636,-4.13,23.63,53163.94,12.35
45.753082,8.959095,5310.389648,20161005100737,11,48.790396799999996,-4.38,23.63,52911.20,12.35
45.75195,8.95938,5342.974609,20161005100745,11,58.3497756,-4.50,23.63,52658.45,12.35
45.7508,8.959454,5371.623535,20161005100753,11,57.448854,-4.69,23.63,52532.09,12.35
45.749687,8.959798,5398.760742,20161005100801,11,58.1435748,-4.94,23.56,52279.34,12.35
45.748634,8.959817,5433.596680,20161005100809,11,38.6467668,-5.13,23.56,52026.61,12.36
45.74771,8.960145,5467.732910,20161005100817,11,57.877102799999996,-5.38,23.56,51773.86,12.37
45.746464,8.960528,5506.492188,20161005100826,10,57.686688000000004,-5.69,23.56,51521.12,12.37
45.745266,8.960613,5538.165527,20161005100834,10,53.8451244,-5.75,23.50,51394.75,12.35
45.744354,8.960744,5568.998535,20161005100842,10,42.9644448,-5.94,23.50,51142.01,12.35
45.743423,8.961123,5603.435059,20161005100850,10,51.1219476,-6.25,23.50,50889.27,12.35
45.74254,8.961083,5634.212402,20161005100857,10,46.7703,-6.31,23.44,50636.53,12.35
45.741703,8.961257,5660.226562,20161005100905,10,42.127264800000006,-6.56,23.44,50383.79,12.35
45.740887,8.96154,5691.675293,20161005100913,10,36.811152,-6.75,23.44,50257.42,12.34
45.74011,8.961602,5714.983398,20161005100921,10,38.542399200000006,-6.88,23.38,50004.68,12.35
45.7392,8.961543,5743.831055,20161005100930,10,42.7166136,-7.00,23.38,49878.31,12.35
45.738426,8.9614315,5772.737793,20161005100937,10,40.9455504,-7.13,23.31,49751.95,12.36
45.73757,8.961415,5811.882324,20161005100946,10,40.227447600000005,-7.31,23.31,49499.20,12.35
45.736534,8.961618,5849.688477,20161005100954,10,57.2545476,-7.56,23.31,49246.46,12.35
45.735653,8.961524,5881.457520,20161005101001,10,38.3570532,-7.81,23.25,48993.72,12.35
45.7348,8.96177,5915.299805,20161005101009,10,46.3563252,-8.06,23.25,48867.35,12.34
45.733738,8.962118,5946.673828,20161005101017,10,57.1247928,-8.31,23.19,48614.61,12.34
45.732784,8.962392,5985.358887,20161005101025,10,40.4483832,-8.56,23.19,48361.87,12.34
45.731735,8.962235,6018.713379,20161005101034,10,53.3892348,-8.56,23.13,48235.50,12.35
45.730785,8.962098,6044.283691,20161005101041,10,49.3570152,-8.63,23.13,47982.76,12.34
45.729897,8.962252,6078.389160,20161005101049,10,47.620598400000006,-9.00,23.06,47856.39,12.35
45.72904,8.962277,6103.170410,20161005101057,10,45.8670276,-9.25,23.06,47477.28,12.35
45.727993,8.962132,6151.081543,20161005101105,10,59.6973096,-9.44,23.00,47350.91,12.35
45.727036,8.9619465,6178.649902,20161005101113,10,40.3124688,-9.56,23.00,47098.16,12.35
45.726097,8.961876,6211.810059,20161005101122,10,44.4860712,-9.69,22.94,46845.43,12.35
45.72536,8.962042,6240.495117,20161005101129,10,51.855768,-10.00,22.94,46719.05,12.35
45.724255,8.962344,6270.857422,20161005101137,10,60.110658,-10.25,22.88,46592.69,12.35
45.723183,8.962536,6305.535645,20161005101145,10,35.8947792,-10.44,22.81,46339.95,12.35
45.72241,8.962548,6338.637207,20161005101153,10,41.9451804,-10.50,22.81,46087.21,12.35
45.721264,8.962915,6377.237305,20161005101202,10,53.352907200000004,-10.63,22.81,45834.46,12.35
45.720436,8.963012,6408.931152,20161005101209,10,54.3119868,-10.94,22.75,45581.72,12.35
45.719128,8.963207,6451.299805,20161005101218,10,51.115518,-11.13,22.75,45455.36,12.35
45.718334,8.963242,6483.829590,20161005101225,10,48.236522400000005,-11.13,22.69,45202.61,12.35
45.71715,8.96341,6521.514160,20161005101234,10,52.508282400000006,-11.38,22.63,45076.25,12.35
45.716347,8.9638815,6551.228027,20161005101241,10,51.3633132,-11.50,22.63,44823.50,12.35
45.715168,8.964355,6590.087891,20161005101250,10,62.558982,-11.75,22.56,44570.77,12.35
45.714195,8.964298,6617.059082,20161005101258,10,41.274378,-11.81,22.50,44318.02,12.35
45.713417,8.96427,6644.386230,20161005101305,10,49.4281584,-11.94,22.50,44191.66,12.35
45.71223,8.964252,6676.646973,20161005101313,10,62.2943064,-12.13,22.50,44065.28,12.35
45.710983,8.964303,6710.584961,20161005101321,10,54.3302964,-12.19,22.44,43812.55,12.35
45.70967,8.964142,6743.321289,20161005101330,11,63.040456799999994,-12.31,22.38,43686.17,12.35
45.7086,8.964307,6774.334473,20161005101337,11,53.5254624,-12.75,22.31,43433.43,12.35
45.707638,8.964641,6803.855957,20161005101345,11,57.615066,-12.88,22.31,43180.69,12.35
45.706444,8.964695,6837.203125,20161005101353,11,59.0946768,-13.06,22.25,43054.32,12.35
45.705307,8.965026,6871.666016,20161005101401,10,51.4701036,-13.25,22.25,42801.58,12.35
45.70442,8.965326,6893.787598,20161005101409,10,42.4016424,-13.31,22.19,42675.21,12.35
45.703465,8.965293,6928.230469,20161005101417,10,44.0526564,-13.44,22.13,42422.47,12.35
45.702515,8.965314,6963.883789,20161005101426,10,47.445753599999996,-13.56,22.06,42296.10,12.35
45.701496,8.965528,7002.952637,20161005101434,10,60.7291812,-13.88,22.00,42043.36,12.35
45.700718,8.965817,7032.164062,20161005101441,10,49.4870904,-14.00,22.00,41790.62,12.35
45.699554,8.966053,7072.116211,20161005101449,10,63.42509520000001,-14.38,21.94,41664.25,12.35
45.698437,8.966651,7105.426270,20161005101457,10,55.7799156,-14.50,21.94,41411.51,12.35
45.697445,8.967001,7139.019043,20161005101505,10,47.4772428,-14.63,21.88,41285.14,12.34
45.696243,8.967027,7179.782227,20161005101514,10,49.035438,-14.75,21.88,41032.40,12.33
45.695286,8.9671,7201.712402,20161005101522,10,41.151999599999996,-14.94,21.81,40906.03,12.33
45.694427,8.967409,7226.321289,20161005101529,10,60.667862400000004,-15.06,21.75,40779.66,12.33
45.693245,8.9677305,7256.440430,20161005101537,10,53.3949588,-15.38,21.69,40526.92,12.32
45.692333,8.968209,7294.604004,20161005101545,10,57.64009320000001,-15.69,21.63,40400.55,12.32
45.6912,8.968833,7329.031738,20161005101553,10,60.9526152,-15.81,21.63,40147.81,12.32
45.69008,8.969319,7364.013672,20161005101601,10,68.9468112,-16.13,21.56,39895.07,12.32
45.688896,8.969438,7399.813965,20161005101610,10,55.073016,-16.19,21.56,39768.70,12.32
45.687874,8.969694,7425.716309,20161005101617,10,48.878683200000005,-16.50,21.50,39642.33,12.32
45.686924,8.970173,7454.361816,20161005101625,10,52.0836732,-16.63,21.44,39389.59,12.32
45.68582,8.970297,7489.174805,20161005101633,10,54.8762724,-16.81,21.38,39263.22,12.32
45.684685,8.970451,7517.383789,20161005101641,10,61.497482399999996,-17.06,21.31,39010.48,12.32
45.683693,8.971049,7553.538086,20161005101649,10,51.830676000000004,-17.56,21.25,38757.73,12.32
45.68253,8.9711895,7590.697754,20161005101657,10,49.2530256,-17.69,21.25,38631.36,12.32
45.681282,8.971582,7627.715332,20161005101705,10,66.3366024,-17.94,21.19,38505.00,12.32
45.680084,8.971946,7668.049316,20161005101713,11,63.20818440000001,-18.13,21.13,38252.25,12.33
45.678818,8.972151,7702.999023,20161005101722,11,47.5670808,-18.38,21.06,38125.89,12.32
45.67792,8.972555,7733.413574,20161005101729,11,41.6554416,-18.56,21.06,37873.14,12.32
45.676956,8.973275,7765.312988,20161005101738,11,58.6633248,-18.75,21.00,37746.78,12.32
45.67602,8.973792,7790.151855,20161005101745,11,65.8120392,-18.94,20.94,37620.41,12.32
45.675068,8.97413,7820.617676,20161005101753,11,49.2285996,-19.13,20.88,37494.04,12.32
45.674084,8.974605,7844.079590,20161005101801,11,39.550284000000005,-19.31,20.81,37241.29,12.32
45.673077,8.974995,7871.702148,20161005101809,11,49.4392896,-19.50,20.81,37114.92,12.32
45.672215,8.975825,7912.834473,20161005101817,11,54.1941264,-19.75,20.75,36862.18,12.32
45.671474,8.976568,7947.875488,20161005101825,11,47.0359152,-19.94,20.69,36735.81,12.32
45.670494,8.977175,7979.012695,20161005101833,11,50.5206576,-20.00,20.63,36609.45,12.32
45.669468,8.977924,8009.628418,20161005101842,11,55.886958,-20.19,20.56,36483.07,12.32
45.668644,8.978496,8034.426758,20161005101849,11,36.8260524,-20.25,20.50,36356.70,12.32
45.66772,8.978895,8063.910156,20161005101857,11,45.494096400000004,-20.38,20.44,36230.33,12.32
45.666656,8.979518,8098.034180,20161005101906,11,57.9968604,-20.63,20.44,35977.59,12.32
45.665955,8.97993,8138.958008,20161005101913,11,46.8722736,-20.88,20.31,35724.85,12.32
45.66502,8.980745,8173.581543,20161005101922,11,49.0485816,-21.06,20.31,35724.85,12.32
45.66421,8.981254,8197.075195,20161005101929,11,63.712738800000004,-21.19,20.25,35472.11,12.32
45.66311,8.98165,8224.864258,20161005101937,11,56.778591600000006,-21.31,20.19,35345.74,12.32
45.662052,8.982168,8253.978516,20161005101945,11,43.008116400000006,-21.56,20.13,35219.37,12.32
45.6611,8.98267,8286.063477,20161005101953,11,60.011748000000004,-21.81,20.13,34966.63,12.31
45.660072,8.983241,8319.893555,20161005102001,11,58.5757656,-22.00,20.06,34840.26,12.31
45.658783,8.984027,8364.441406,20161005102010,11,69.1451208,-22.38,20.00,34587.52,12.31
45.657627,8.984517,8389.674805,20161005102017,11,61.3272564,-22.50,19.94,34461.15,12.31
45.65655,8.985373,8417.089844,20161005102025,11,59.1990264,-22.50,19.88,34334.78,12.31
45.655273,8.986229,8449.588867,20161005102034,11,61.0750224,-22.63,19.81,34208.41,12.31
45.654217,8.986819,8474.694336,20161005102041,11,68.1824988,-22.75,19.81,34082.04,12.31
45.653004,8.987597,8510.708008,20161005102050,11,59.93198639999999,-23.00,19.69,33829.30,12.31
45.651844,8.988515,8544.311523,20161005102058,11,74.9352312,-23.19,19.69,33702.93,12.31
45.650677,8.989357,8583.305664,20161005102106,11,76.64832360000001,-23.44,19.63,33450.19,12.31
45.64969,8.990354,8618.211914,20161005102113,11,68.22108,-23.75,19.56,33323.82,12.30
45.64841,8.991065,8656.330078,20161005102121,11,59.8438764,-23.94,19.56,33071.08,12.30
45.64736,8.991874,8694.555664,20161005102129,11,54.515952,-24.19,19.50,32944.71,12.30
45.64632,8.992751,8730.942383,20161005102137,11,59.947758,-24.44,19.44,32818.34,12.30
45.644924,8.993664,8772.223633,20161005102146,11,58.6338624,-24.50,19.38,32565.60,12.30
45.643852,8.994467,8804.505859,20161005102154,11,69.3258372,-24.75,19.31,32439.23,12.30
45.642876,8.995326,8830.855469,20161005102201,11,62.6274864,-24.81,19.25,32312.86,12.30
45.641823,8.996296,8865.597656,20161005102209,11,66.2534784,-25.00,19.19,32186.48,12.30
45.640804,8.997151,8895.060547,20161005102217,11,67.0582332,-25.06,19.13,32060.11,12.30
45.639755,8.998194,8922.829102,20161005102225,11,69.0651936,-25.25,19.13,31933.75,12.30
45.638687,8.999223,8954.438477,20161005102233,11,80.2176624,-25.38,19.06,31807.38,12.31
45.63743,9.000477,8990.647461,20161005102242,11,70.6141692,-25.56,19.00,31554.63,12.31
45.63641,9.001412,9020.412109,20161005102249,11,62.3532132,-25.63,18.94,31428.26,12.31
45.635284,9.002452,9051.747070,20161005102257,11,68.320728,-25.81,18.88,31301.89,12.30
45.634052,9.003609,9081.301758,20161005102306,11,66.7297296,-26.06,18.81,31175.53,12.31
45.632957,9.004832,9103.699219,20161005102314,11,70.933302,-26.19,18.75,31049.15,12.31
45.632023,9.005747,9128.189453,20161005102321,11,77.17445640000001,-26.25,18.69,30796.41,12.31
45.63087,9.006847,9159.789062,20161005102329,11,73.13427,-26.44,18.69,30670.04,12.31
45.6297,9.007939,9197.115234,20161005102337,11,66.04254,-26.63,18.63,30543.67,12.30
45.6286,9.008972,9234.803711,20161005102345,11,78.0171912,-26.81,18.56,30417.30,12.30
45.627296,9.010338,9270.323242,20161005102354,11,67.01724,-26.94,18.50,30290.93,12.30
45.626324,9.011368,9297.708008,20161005102401,11,61.5786084,-27.13,18.44,30164.56,12.30
45.625237,9.012687,9328.192383,20161005102409,11,69.5591532,-27.31,18.44,29911.82,12.30
45.624,9.01369,9366.353516,20161005102417,11,76.3614432,-27.56,18.38,29785.45,12.30
45.622826,9.014872,9412.001953,20161005102425,11,62.72780040000001,-28.00,18.31,29659.08,12.30
45.621727,9.016331,9450.359375,20161005102434,11,70.87758120000001,-28.00,18.25,29532.71,12.30
45.620747,9.017496,9471.754883,20161005102441,11,79.632396,-28.19,18.19,29406.34,12.30
45.61968,9.018811,9499.556641,20161005102449,11,81.41587200000001,-28.31,18.13,29153.60,12.30
45.618343,9.020281,9532.740234,20161005102458,11,70.9207092,-28.44,18.06,29027.23,12.30
45.617325,9.021453,9564.039062,20161005102505,11,77.69052719999999,-28.56,18.06,28900.86,12.30
45.616066,9.022961,9593.531250,20161005102514,11,75.107358,-28.75,18.00,28774.49,12.30
45.615017,9.023994,9619.828125,20161005102521,11,66.4143804,-28.75,17.94,28648.12,12.30
45.61383,9.025271,9646.704102,20161005102529,11,66.0926016,-28.94,17.88,28521.75,12.29
45.61261,9.026556,9676.201172,20161005102537,11,64.74046680000001,-29.19,17.81,28395.38,12.29
45.611435,9.027724,9704.949219,20161005102545,11,67.932216,-29.25,17.75,28269.01,12.29
45.610317,9.0290365,9737.834961,20161005102553,11,65.234538,-29.38,17.69,28142.64,12.29
45.609146,9.030096,9767.859375,20161005102601,11,73.66259520000001,-29.50,17.69,28016.27,12.29
45.608017,9.031358,9800.143555,20161005102609,11,74.1998628,-29.69,17.63,27889.90,12.29
45.606937,9.032552,9828.458008,20161005102617,11,66.3885252,-29.88,17.50,27763.53,12.29
45.605923,9.03387,9856.208008,20161005102625,11,57.677558399999995,-30.13,17.50,27637.16,12.29
45.605152,9.035098,9893.100586,20161005102633,11,50.922090000000004,-30.44,17.44,27384.42,12.29
45.604218,9.036302,9942.656250,20161005102642,11,59.955235200000004,-30.69,17.38,27258.05,12.29
45.603455,9.037834,9977.918945,20161005102650,11,66.673944,-30.81,17.31,27131.68,12.29
45.60274,9.038954,10010.905273,20161005102657,11,60.0561108,-31.13,17.25,27005.31,12.28
45.601826,9.040144,10043.143555,20161005102705,11,63.4575744,-31.25,17.19,26878.94,12.28
45.60171,9.040318,10047.207031,20161005102714,11,0.0,-31.31,17.13,26752.57,12.28
45.60171,9.040318,10047.207031,20161005102722,11,0.0,-31.56,17.06,26626.20,12.29
45.60171,9.040318,10047.207031,20161005102729,11,0.0,-31.69,17.00,26499.83,12.28
45.60171,9.040318,10047.207031,20161005102737,11,0.0,-31.63,17.00,26373.46,12.29
45.60171,9.040318,10047.207031,20161005102745,11,0.0,-31.75,16.94,26247.09,12.29
45.60171,9.040318,10047.207031,20161005102753,11,0.0,-31.88,16.88,26120.71,12.28
45.60171,9.040318,10047.207031,20161005102801,11,0.0,-31.88,16.81,25994.35,12.28
45.60171,9.040318,10047.207031,20161005102809,11,0.0,-31.94,16.75,25867.98,12.28
45.179863,9.27468,10009.146484,20161005121817,13,85.08582360000001,-44.13,8.50,27131.68,11.85
45.17878,9.276638,9939.657227,20161005121825,13,87.4517004,-43.75,8.44,27510.79,11.85
45.17768,9.278579,9868.205078,20161005121833,13,87.9435576,-43.50,8.44,27763.53,11.85
45.176594,9.280581,9799.166992,20161005121841,13,90.25928280000001,-43.19,8.38,28016.27,11.86
45.175316,9.282777,9722.803711,20161005121850,13,86.7941496,-42.88,8.38,28395.38,11.85
45.17438,9.284409,9664.743164,20161005121857,13,83.1846096,-42.63,8.31,28648.12,11.85
45.173088,9.2864,9591.570312,20161005121906,13,85.01474879999999,-42.38,8.25,28900.86,11.85
45.17212,9.287867,9535.467773,20161005121913,13,79.56751320000001,-42.13,8.25,29153.60,11.85
45.171047,9.289521,9468.994141,20161005121921,13,79.6955868,-41.88,8.19,29532.71,11.85
45.169876,9.291373,9395.579102,20161005121930,13,79.4201256,-41.56,8.19,29785.45,11.85
45.168964,9.292823,9338.677734,20161005121937,13,78.3621756,-41.31,8.19,30038.19,11.87
45.16782,9.294588,9268.395508,20161005121946,13,75.33288,-41.00,8.13,30290.93,11.85
45.166927,9.295952,9212.527344,20161005121953,13,74.4420564,-40.69,8.13,30670.04,11.85
45.16593,9.297461,9148.701172,20161005122001,13,73.2496752,-40.38,8.06,30922.78,11.85
45.164925,9.298931,9084.323242,20161005122009,13,71.66511720000001,-40.06,8.06,31175.53,11.86
45.163876,9.300325,9022.381836,20161005122017,13,71.802396,-39.69,8.06,31554.63,11.85
45.16276,9.301613,8961.605469,20161005122025,13,72.3788172,-39.38,8.00,31807.38,11.85
45.161514,9.302994,8890.640625,20161005122034,13,72.13930560000001,-39.00,8.00,32186.48,11.86
45.160397,9.304208,8829.454102,20161005122042,13,70.6330332,-38.63,7.94,32439.23,11.85
45.159386,9.305234,8774.992188,20161005122049,13,72.1259028,-38.31,7.94,32691.97,11.85
45.158245,9.306404,8711.263672,20161005122057,13,69.800742,-37.88,7.94,33071.08,11.85
45.157017,9.307713,8642.069336,20161005122106,13,68.94209880000001,-37.50,7.88,33450.19,11.85
45.15606,9.308711,8586.699219,20161005122113,13,67.8491784,-37.13,7.88,33702.93,11.85
45.15497,9.309853,8523.832031,20161005122121,13,68.31165600000001,-36.75,7.88,33955.67,11.85
45.153877,9.310893,8460.445312,20161005122129,13,63.11333880000001,-36.38,7.88,34334.78,11.85
45.15277,9.311823,8396.643555,20161005122137,13,64.5006492,-36.00,7.88,34587.52,11.85
45.151638,9.312628,8335.878906,20161005122145,13,63.509551200000004,-35.69,7.88,34840.26,11.85
45.15052,9.313406,8273.236328,20161005122153,13,62.266805999999995,-35.31,7.81,35219.37,11.86
45.149426,9.314186,8214.304688,20161005122201,13,61.603473599999994,-34.94,7.81,35472.11,11.87
45.14819,9.315054,8146.219727,20161005122210,13,63.157057200000004,-34.56,7.81,35851.22,11.86
45.147068,9.315867,8084.296387,20161005122218,13,64.41325920000001,-34.19,7.81,36103.96,11.87
45.146122,9.316573,8030.913086,20161005122225,13,59.7614292,-33.81,7.81,36483.07,11.87
45.144966,9.317512,7961.530273,20161005122234,13,60.0740784,-33.44,7.81,36735.81,11.87
45.14408,9.318288,7907.048828,20161005122241,13,58.283589600000006,-33.06,7.81,37114.92,11.87
45.142982,9.319297,7837.973145,20161005122250,13,59.47423200000001,-32.69,7.81,37367.66,11.86
45.142086,9.320041,7786.103027,20161005122257,13,58.4949888,-32.31,7.81,37746.78,11.87
45.140965,9.320921,7719.868652,20161005122306,13,57.50367120000001,-31.94,7.81,38125.89,11.87
45.140095,9.321552,7668.568359,20161005122313,13,55.6198128,-31.56,7.81,38378.63,11.87
45.139103,9.322227,7610.834961,20161005122321,13,53.3236968,-31.19,7.81,38631.36,11.86
45.138092,9.322854,7553.421387,20161005122329,13,55.314799199999996,-30.81,7.81,39010.48,11.86
45.137043,9.323401,7495.758301,20161005122337,13,55.8202392,-30.38,7.81,39389.59,11.85
45.135975,9.323869,7438.175293,20161005122345,13,52.9157232,-30.00,7.81,39642.33,11.87
45.134823,9.324383,7373.305664,20161005122354,13,54.068443200000004,-29.63,7.88,40021.44,11.87
45.13396,9.324742,7322.585938,20161005122401,13,51.815502,-29.19,7.88,40400.55,11.87
45.13286,9.325146,7258.851562,20161005122410,13,48.8992428,-28.81,7.81,40653.29,11.87
45.132015,9.325401,7208.924316,20161005122417,13,49.0041936,-28.38,7.88,41032.40,11.87
45.131054,9.32569,7153.614746,20161005122425,13,49.6683972,-28.00,7.88,41411.51,11.87
45.129967,9.325963,7089.432129,20161005122434,13,48.5261496,-27.56,7.94,41664.25,11.87
45.129135,9.32617,7039.096191,20161005122441,13,48.0284604,-27.13,7.94,42043.36,11.87
45.128227,9.326393,6982.295410,20161005122449,13,47.0228652,-26.69,7.94,42296.10,11.87
45.127308,9.326596,6926.117676,20161005122457,13,45.9962712,-26.31,8.00,42675.21,11.87
45.12641,9.326801,6869.123535,20161005122505,13,45.3644496,-25.81,8.00,43054.32,11.87
45.12555,9.326988,6812.635742,20161005122513,13,42.362604000000005,-25.38,8.06,43307.06,11.87
45.12463,9.3272,6749.429688,20161005122522,13,41.6218716,-25.00,8.06,43686.17,11.86
45.12392,9.327368,6699.349121,20161005122529,13,41.8452444,-24.56,8.06,44065.28,11.87
45.12312,9.327543,6643.319336,20161005122537,13,40.145299200000004,-24.06,8.06,44318.02,11.86
45.12234,9.3277025,6589.509766,20161005122545,13,36.7335324,-23.63,8.06,44697.13,11.87
45.121616,9.327857,6534.701172,20161005122553,13,36.5294772,-23.13,8.13,45076.25,11.88
45.120888,9.32804,6479.096680,20161005122601,13,37.079539200000006,-22.69,8.19,45328.99,11.87
45.120186,9.328257,6423.115234,20161005122609,13,36.39519000000001,-22.25,8.19,45708.10,11.87
45.11938,9.328621,6362.196777,20161005122618,13,40.2680448,-21.81,8.25,46087.21,11.87
45.1187,9.328999,6314.231445,20161005122625,13,43.29648,-21.44,8.25,46466.32,11.88
45.11779,9.329541,6253.953125,20161005122634,13,42.878736,-21.06,8.25,46719.05,11.87
45.117023,9.330072,6199.511230,20161005122642,13,41.6738988,-20.63,8.31,46971.80,11.87
45.116264,9.330603,6146.334961,20161005122650,13,42.1571124,-20.25,8.38,47350.91,11.88
45.11559,9.331096,6099.442383,20161005122657,13,45.4091292,-19.88,8.44,47730.02,11.87
45.11479,9.331661,6045.092773,20161005122705,13,45.5039964,-19.50,8.44,48109.13,11.87
45.11398,9.332255,5991.647949,20161005122713,13,42.6655512,-19.13,8.50,48488.24,11.87
45.113216,9.332899,5938.750488,20161005122721,13,44.682894000000005,-18.75,8.56,48740.98,11.87
45.112354,9.333631,5878.595215,20161005122730,13,44.76071880000001,-18.38,8.63,49120.09,11.87
45.111668,9.334196,5831.983398,20161005122737,13,47.1853728,-18.00,8.69,49499.20,11.87
45.11087,9.334851,5777.116699,20161005122745,13,45.7270992,-17.63,8.69,49878.31,11.87
45.110058,9.335508,5723.895996,20161005122753,13,46.314385200000004,-17.25,8.75,50257.42,11.87
45.109226,9.336153,5670.949219,20161005122801,13,48.4937208,-16.81,8.81,50636.53,11.86
45.108406,9.336767,5618.432617,20161005122809,13,46.187964,-16.38,8.88,50889.27,11.86
45.107605,9.337356,5566.147461,20161005122817,13,44.3372292,-16.00,8.88,51268.39,11.86
45.10682,9.337967,5511.474121,20161005122825,13,48.0578616,-15.63,9.00,51647.50,11.86
45.106037,9.338586,5457.723145,20161005122833,13,43.8867324,-15.31,9.00,52026.61,11.86
45.105244,9.339203,5405.537109,20161005122841,13,47.44036440000001,-14.88,9.06,52405.72,11.86
45.104397,9.339861,5352.312500,20161005122849,13,48.237048,-14.50,9.19,52784.83,11.86
45.103542,9.340446,5299.329590,20161005122857,13,46.5441264,-14.06,9.19,53163.94,11.86
45.102543,9.341086,5238.764160,20161005122906,13,50.6888496,-13.69,9.31,53543.05,11.86
45.101738,9.341615,5191.999512,20161005122913,13,52.2481932,-13.31,9.38,53922.16,11.86
45.100765,9.342157,5135.169922,20161005122921,13,59.0179176,-12.94,9.44,54427.64,11.86
45.099804,9.342717,5078.652832,20161005122929,13,53.0605008,-12.50,9.44,54680.38,11.86
45.098873,9.343262,5022.995117,20161005122937,13,54.3186864,-12.13,9.50,55185.86,11.86
45.098026,9.343806,4964.475098,20161005122945,13,48.048300000000005,-11.63,9.56,55691.34,11.86
45.097137,9.344265,4890.141602,20161005122953,13,47.8170144,-11.00,9.63,56196.82,11.85
45.096264,9.344737,4820.261230,20161005123001,13,35.1077256,-10.44,9.69,56702.30,11.87
45.09527,9.345246,4731.346680,20161005123010,13,49.6781244,-9.94,9.81,57207.79,11.88
45.094547,9.345765,4661.785645,20161005123018,13,34.9568928,-9.44,9.88,57713.26,11.87
45.093914,9.346151,4602.626953,20161005123025,13,37.383876,-9.00,9.94,58218.74,11.87
45.093193,9.346756,4533.786621,20161005123033,13,56.0063916,-8.44,9.94,58724.23,11.87
45.092373,9.347417,4467.473633,20161005123041,13,27.7140456,-7.88,10.06,59229.70,11.87
45.091564,9.347958,4396.750488,20161005123049,13,47.1902148,-7.31,10.13,59861.56,11.87
45.090687,9.348556,4323.574219,20161005123057,13,58.1679324,-6.81,10.19,60367.04,11.87
45.089703,9.349084,4248.112305,20161005123106,13,35.1971316,-6.19,10.31,60872.52,11.87
45.088936,9.349528,4181.890625,20161005123113,13,40.4209728,-5.69,10.38,61504.37,11.87
45.088062,9.349866,4110.085938,20161005123121,13,53.4728412,-5.19,10.44,62009.85,11.87
45.08722,9.350216,4037.067871,20161005123129,13,37.3478688,-4.75,10.56,62515.33,11.86
45.0863,9.35055,3962.081055,20161005123138,13,49.713206400000004,-4.25,10.75,63147.18,11.85
45.085728,9.350754,3895.875732,20161005123145,13,33.581754000000004,-3.88,10.81,63779.03,11.87
45.08522,9.351131,3831.847412,20161005123153,13,25.4563884,-3.50,10.88,64158.14,11.87
45.084633,9.351559,3764.622803,20161005123202,13,37.1342052,-3.06,11.00,64789.99,11.87
45.084023,9.352104,3697.319092,20161005123210,13,25.304961600000002,-2.69,11.06,65421.84,11.87
45.083492,9.352514,3633.049561,20161005123217,13,31.615574400000003,-2.25,11.19,65927.33,11.87
45.082664,9.352863,3554.786621,20161005123226,13,33.8612076,-1.81,11.31,66559.18,11.87
45.081856,9.353159,3480.639404,20161005123234,13,47.9620296,-1.38,11.44,67191.03,11.86
45.081104,9.353309,3397.998291,20161005123242,13,36.23949,-1.00,11.56,67822.88,11.87
45.080284,9.353379,3312.038818,20161005123250,13,37.5371748,-0.63,11.69,68581.10,11.87
45.079494,9.35347,3237.606934,20161005123258,13,45.9456696,-0.31,11.81,69212.95,11.87
45.078884,9.353672,3168.582520,20161005123305,13,34.3616004,0.00,12.00,69971.17,11.83
45.078217,9.354038,3077.566650,20161005123313,13,40.0078584,0.44,12.13,70729.39,11.82
45.077705,9.354524,2989.074951,20161005123322,13,37.232478,0.81,12.19,71361.24,11.80
45.07728,9.354869,2924.380127,20161005123329,13,22.0094244,1.19,12.38,72119.47,11.82
45.07668,9.355197,2848.938721,20161005123337,13,32.108382000000006,1.56,12.50,72877.69,11.82
45.07601,9.355541,2758.066650,20161005123346,13,30.4487244,2.00,12.63,73635.91,11.82
45.075535,9.355801,2692.071533,20161005123353,13,25.856388000000003,2.44,12.75,74267.76,11.82
45.07502,9.356103,2616.328857,20161005123401,13,34.5453228,2.94,12.88,74773.23,11.82
45.07454,9.356329,2533.968750,20161005123409,13,25.9292592,3.25,13.00,75405.09,11.82
45.074093,9.356647,2459.345703,20161005123417,13,27.3615624,3.56,13.13,76289.68,11.83
45.07374,9.357087,2372.844482,20161005123425,13,22.922949600000003,3.94,13.19,77047.90,11.83
45.073395,9.357783,2298.290039,20161005123433,13,31.42602,4.19,13.31,77806.13,11.80
45.073177,9.358423,2215.214600,20161005123441,13,32.755312800000006,4.38,13.44,78690.71,11.80
45.073124,9.359129,2140.345703,20161005123449,13,26.011087200000002,4.44,13.56,79196.20,11.80
45.07296,9.359734,2079.259033,20161005123457,13,16.2806076,4.63,13.63,79954.41,11.81
45.07282,9.360356,2017.189941,20161005123505,13,29.2531608,4.88,13.63,80586.27,11.80
45.07275,9.361123,1955.028687,20161005123513,13,21.1401396,5.19,13.75,81091.75,11.80
45.072906,9.361671,1892.546265,20161005123521,13,23.0174532,5.56,13.75,81723.60,11.81
45.073147,9.362369,1830.480835,20161005123529,13,26.7099264,5.88,13.81,82481.81,11.80
45.073433,9.363047,1768.021973,20161005123537,13,28.6701336,6.25,13.88,82987.30,11.80
45.073578,9.363508,1705.543335,20161005123545,13,13.8606516,6.69,14.00,83745.52,11.80
45.07369,9.363916,1634.461914,20161005123554,13,20.7689904,7.13,14.06,84377.37,11.80
45.073734,9.3641405,1579.652344,20161005123601,13,10.0515924,7.50,14.13,85009.23,11.80
45.073933,9.364456,1517.639282,20161005123609,13,20.361985200000003,7.81,14.19,85514.70,11.80
45.074207,9.3648205,1455.711914,20161005123617,13,10.3299948,8.31,14.25,86272.92,11.80
45.074276,9.365131,1392.831299,20161005123625,13,14.8184028,8.75,14.31,86904.78,11.80
45.074394,9.365606,1323.521729,20161005123634,13,17.8848612,9.13,14.44,87536.63,11.80
45.074524,9.366012,1261.087402,20161005123642,13,18.9305604,9.50,14.50,88168.47,11.80
45.074665,9.366581,1206.593262,20161005123649,13,31.113630000000004,9.94,14.56,88926.70,11.80
45.074963,9.3673525,1144.131592,20161005123657,13,28.0460844,10.25,14.63,89558.55,11.80
45.07524,9.367889,1083.730469,20161005123705,13,18.962733600000004,10.56,14.75,90064.03,11.80
45.075222,9.368174,1024.512207,20161005123713,13,16.1638272,10.94,14.81,90822.26,11.80
45.075104,9.368372,963.686646,20161005123721,13,0.0,11.38,14.88,91454.10,11.80
45.074997,9.368377,901.735962,20161005123729,13,3.1144248,11.75,14.94,92085.95,11.81
45.074966,9.368177,834.805908,20161005123738,13,8.7642,12.06,15.13,92844.17,11.80
45.075024,9.367881,781.520996,20161005123745,13,5.713516800000001,12.25,15.19,93476.03,11.80
45.075047,9.367388,719.414368,20161005123753,13,10.226404800000001,12.44,15.25,94234.25,11.82
45.074993,9.367088,657.821228,20161005123801,13,15.217729200000003,12.63,15.31,94866.09,11.82
45.07493,9.366768,597.913818,20161005123809,13,12.8171664,12.88,15.44,95497.95,11.82
45.074955,9.366454,522.566406,20161005123818,13,13.5888048,13.06,15.56,96256.16,11.82
45.07513,9.366277,458.022308,20161005123826,13,10.113246,13.31,15.63,97014.38,11.82
45.0752,9.365421,335.815460,20161005123841,13,13.7530476,14.50,15.94,99289.05,11.82
45.07526,9.365119,269.406067,20161005123849,13,9.783763200000001,14.88,16.06,100047.27,11.82
45.075176,9.364747,204.021759,20161005123857,13,16.9894764,16.50,16.38,100047.27,11.80
45.075134,9.364245,139.217636,20161005123906,13,10.509969600000002,17.44,16.56,100173.64,11.80
45.07515,9.364111,105.403572,20161005123921,13,0.0,18.13,16.81,100173.64,11.79
45.07515,9.364111,105.403572,20161005123929,13,0.0,18.56,17.06,100047.27,11.78
45.07515,9.364111,105.403572,20161005123937,13,0.0,19.13,17.31,100173.64,11.80
45.07515,9.364111,105.403572,20161005123954,13,0.0,21.06,18.38,100173.64,11.79
45.07515,9.364111,105.403572,20161005124001,13,0.0,21.31,18.63,100047.27,11.79
45.07515,9.364111,105.403572,20161005124009,13,0.0,21.81,19.06,100047.27,11.79
45.07515,9.364111,105.403572,20161005124025,13,0.0,22.06,19.25,100047.27,11.80
45.07515,9.364111,105.403572,20161005124033,13,0.0,23.31,20.50,100047.27,11.80
45.07515,9.364111,105.403572,20161005124057,13,0.0,24.31,21.75,100173.64,11.80
45.07515,9.364111,105.403572,20161005124105,13,0.0,24.19,22.06,100047.27,11.80
